$ 3 1.4999999999999999E-5 213.5949733220415 50 5.0 50
& AnalogWriteMega.ino C:\Users\FranciscoMateus\workspace\circuitMatlab\arduino\AnalogWriteMega\AnalogWriteMega.ino
203 448 272 416 272 0 11
203 448 320 416 320 0 12
203 88 88 56 88 0 2
203 88 136 56 136 0 3
203 88 184 56 184 0 4
203 88 232 56 232 0 5
203 88 280 56 280 0 6
203 88 328 56 328 0 7
203 448 128 416 128 0 8
203 448 176 416 176 0 9
203 448 224 416 224 0 10
203 448 368 416 368 0 13
r 88 88 168 88 0 100.0
r 88 136 168 136 0 100.0
r 88 184 168 184 0 100.0
r 88 232 168 232 0 100.0
r 88 280 168 280 0 100.0
r 88 328 168 328 0 100.0
r 448 128 528 128 0 100.0
r 448 176 528 176 0 100.0
r 448 224 528 224 0 100.0
r 448 272 528 272 0 100.0
r 448 320 528 320 0 100.0
r 448 368 528 368 0 100.0
162 168 88 272 88 1 2.1024259 1.0 0.0 0.0 LED
162 168 136 272 136 1 2.1024259 1.0 0.0 0.0 LED
162 168 184 272 184 1 2.1024259 1.0 0.0 0.0 LED
162 168 232 272 232 1 2.1024259 1.0 0.0 0.0 LED
162 168 280 272 280 1 2.1024259 1.0 0.0 0.0 LED
162 168 328 272 328 1 2.1024259 1.0 0.0 0.0 LED
162 528 128 632 128 1 2.1024259 1.0 0.0 0.0 LED
162 528 176 632 176 1 2.1024259 1.0 0.0 0.0 LED
162 528 224 632 224 1 2.1024259 1.0 0.0 0.0 LED
162 528 272 632 272 1 2.1024259 1.0 0.0 0.0 LED
162 528 320 632 320 1 2.1024259 1.0 0.0 0.0 LED
162 528 368 632 368 1 2.1024259 1.0 0.0 0.0 LED
w 272 88 272 136 0
w 272 136 272 184 0
w 272 184 272 232 0
w 272 232 272 280 0
w 272 280 272 328 0
w 632 128 632 176 0
w 632 176 632 224 0
w 632 224 632 272 0
w 632 272 632 320 0
w 632 320 632 368 0
g 272 328 272 368 0
g 632 368 632 408 0
