$ 3 1.4999999999999999E-5 204.8780465020098 50 5.0 50
& Arrays.ino \arduino\Arrays\Arrays.ino
203 208 240 160 240 0 6
203 208 280 160 280 0 7
203 208 80 160 80 0 2
203 208 120 160 120 0 3
203 208 160 160 160 0 4
203 208 200 160 200 0 5
r 208 80 520 80 0 220.0
r 208 120 472 120 0 220.0
r 208 160 424 160 0 220.0
r 208 200 376 200 0 220.0
r 208 240 328 240 0 220.0
r 208 280 280 280 0 220.0
162 280 280 280 360 1 2.1024259 1.0 0.0 0.0 LED
162 328 240 328 360 1 2.1024259 1.0 0.0 0.0 LED
162 376 200 376 360 1 2.1024259 1.0 0.0 0.0 LED
162 424 160 424 360 1 2.1024259 1.0 0.0 0.0 LED
162 472 120 472 360 1 2.1024259 1.0 0.0 0.0 LED
162 520 80 520 360 1 2.1024259 1.0 0.0 0.0 LED
w 520 360 472 360 0
w 472 360 424 360 0
w 424 360 376 360 0
w 376 360 328 360 0
w 328 360 280 360 0
g 376 360 376 384 0
