$ 3 4.0E-6 265423.40209079534 50 5.0 50
& Calibration.ino.standard.hex C:\Users\FranciscoMateus\git\circuitArduino\circuitArduino\arduino\Calibration\Calibration.ino.standard.hex
162 368 216 368 304 1 2.1024259 1.0 0.0 0.0 LED
r 368 216 304 216 0 100.0
g 368 304 368 328 0
203 304 216 264 216 0 9
204 176 224 208 224 0 0
174 144 168 176 280 0 1000.0 0.47030000000000005 Pot
g 144 280 144 312 0
R 144 168 144 128 0 0 40.0 5.0 0.0 0.0 0.5
203 472 216 432 216 0 13
g 536 304 536 328 0
r 536 216 472 216 0 100.0
162 536 216 536 304 1 2.1024259 0.0 1.0 0.0 LED
o 0 64 0 35 2.5 0.05 0 -1
