$ 3 4.0E-6 10.20027730826997 50 5.0 43
& Blink.ino.hex C:\Users\FranciscoMateus\git\circuitArduino\circuitArduino\arduino\Blink\Blink.ino.hex
203 408 104 368 104 0 8
203 368 224 336 224 0 5
204 160 160 112 160 0 0
172 160 160 224 160 0 6 1.75 5.0 0.0 0.0 0.5 Voltage
r 368 224 368 272 0 100.0
g 368 272 368 288 0
r 408 104 480 104 0 100.0
162 480 104 480 168 1 2.1024259 1.0 0.0 0.0 LED
g 480 168 480 208 0
R 176 232 120 224 0 1 40.0 5.0 0.0 0.0 0.5
r 176 232 176 280 0 100.0
g 176 280 176 304 0
o 4 64 0 35 5.0 0.05 0 -1
o 10 64 0 35 5.0 0.1 1 -1
